# This is a final TEA output file with calculated abundances (mixing fractions) for all listed species.
# Units: pressure (bar), temperature (K), abundance (unitless).

#SPECIES
H_g C_g O_g H2_ref CO_g CO2_g CH4_g H2O_g CH_g CH2_g CH3_g C2H2_g OH_g H2CO_g HCO_g C2_g C2H_g C2H4_g O2_ref 

#TEADATA
#Pressure  Temp    H_g        C_g        O_g        H2_ref     CO_g       CO2_g      CH4_g      H2O_g      CH_g       CH2_g      CH3_g      C2H2_g     OH_g       H2CO_g     HCO_g      C2_g       C2H_g      C2H4_g     O2_ref     
       1.0  3000.0 1.4598e-01 4.4429e-11 4.7037e-06 8.5310e-01 9.2676e-05 1.1667e-08 3.8757e-11 7.8400e-04 2.1723e-11 5.4515e-11 1.4919e-10 4.6031e-14 4.5485e-05 4.4938e-11 1.0280e-09 1.8917e-17 1.3124e-14 5.9686e-18 1.7259e-09 
       1.0  3000.0 1.4598e-01 4.6792e-11 4.6788e-06 8.5310e-01 9.7088e-05 1.2157e-08 4.0819e-11 7.7985e-04 2.2878e-11 5.7415e-11 1.5712e-10 5.1058e-14 4.5244e-05 4.7078e-11 1.0769e-09 2.0983e-17 1.4557e-14 6.6204e-18 1.7077e-09 
       1.0  3000.0 1.4598e-01 4.9295e-11 4.6527e-06 8.5310e-01 1.0171e-04 1.2665e-08 4.3002e-11 7.7550e-04 2.4102e-11 6.0486e-11 1.6552e-10 5.6666e-14 4.4992e-05 4.9319e-11 1.1282e-09 2.3287e-17 1.6156e-14 7.3475e-18 1.6887e-09 
       1.0  3000.0 1.4598e-01 5.1947e-11 4.6254e-06 8.5310e-01 1.0655e-04 1.3190e-08 4.5315e-11 7.7094e-04 2.5399e-11 6.3740e-11 1.7443e-10 6.2928e-14 4.4728e-05 5.1668e-11 1.1819e-09 2.5861e-17 1.7941e-14 8.1594e-18 1.6689e-09 
       1.0  3000.0 1.4598e-01 5.4759e-11 4.5968e-06 8.5310e-01 1.1163e-04 1.3733e-08 4.7769e-11 7.6617e-04 2.6774e-11 6.7191e-11 1.8387e-10 6.9926e-14 4.4451e-05 5.4127e-11 1.2382e-09 2.8737e-17 1.9936e-14 9.0668e-18 1.6483e-09 
       1.0  3000.0 1.4598e-01 5.7743e-11 4.5668e-06 8.5310e-01 1.1694e-04 1.4292e-08 5.0372e-11 7.6117e-04 2.8233e-11 7.0852e-11 1.9389e-10 7.7755e-14 4.4161e-05 5.6705e-11 1.2971e-09 3.1954e-17 2.2168e-14 1.0082e-17 1.6269e-09 
       1.0  3000.0 1.4598e-01 6.0912e-11 4.5353e-06 8.5310e-01 1.2251e-04 1.4870e-08 5.3136e-11 7.5593e-04 2.9782e-11 7.4740e-11 2.0453e-10 8.6522e-14 4.3857e-05 5.9404e-11 1.3589e-09 3.5557e-17 2.4668e-14 1.1219e-17 1.6045e-09 
       1.0  3000.0 1.4598e-01 6.4279e-11 4.5024e-06 8.5310e-01 1.2834e-04 1.5465e-08 5.6073e-11 7.5044e-04 3.1428e-11 7.8871e-11 2.1584e-10 9.6351e-14 4.3538e-05 6.2233e-11 1.4236e-09 3.9596e-17 2.7470e-14 1.2493e-17 1.5813e-09 
       1.0  3000.0 1.4598e-01 6.7859e-11 4.4679e-06 8.5310e-01 1.3445e-04 1.6077e-08 5.9196e-11 7.4469e-04 3.3178e-11 8.3264e-11 2.2786e-10 1.0738e-13 4.3205e-05 6.5195e-11 1.4914e-09 4.4130e-17 3.0615e-14 1.3924e-17 1.5572e-09 
       1.0  3000.0 1.4598e-01 7.1669e-11 4.4318e-06 8.5310e-01 1.4085e-04 1.6706e-08 6.2520e-11 7.3867e-04 3.5041e-11 8.7939e-11 2.4065e-10 1.1978e-13 4.2855e-05 6.8299e-11 1.5624e-09 4.9225e-17 3.4150e-14 1.5531e-17 1.5321e-09 
       1.0  3000.0 1.4598e-01 7.5728e-11 4.3939e-06 8.5310e-01 1.4756e-04 1.7352e-08 6.6061e-11 7.3236e-04 3.7026e-11 9.2920e-11 2.5428e-10 1.3373e-13 4.2489e-05 7.1551e-11 1.6368e-09 5.4958e-17 3.8128e-14 1.7340e-17 1.5060e-09 
       1.0  3000.0 1.4598e-01 8.0056e-11 4.3543e-06 8.5310e-01 1.5458e-04 1.8014e-08 6.9836e-11 7.2575e-04 3.9142e-11 9.8230e-11 2.6882e-10 1.4946e-13 4.2106e-05 7.4958e-11 1.7147e-09 6.1420e-17 4.2610e-14 1.9379e-17 1.4790e-09 
       1.0  3000.0 1.4598e-01 8.4675e-11 4.3127e-06 8.5310e-01 1.6194e-04 1.8692e-08 7.3866e-11 7.1882e-04 4.1401e-11 1.0390e-10 2.8433e-10 1.6720e-13 4.1704e-05 7.8526e-11 1.7963e-09 6.8712e-17 4.7669e-14 2.1680e-17 1.4509e-09 
       1.0  3000.0 1.4598e-01 8.9611e-11 4.2692e-06 8.5310e-01 1.6965e-04 1.9384e-08 7.8171e-11 7.1157e-04 4.3814e-11 1.0995e-10 3.0090e-10 1.8726e-13 4.1283e-05 8.2265e-11 1.8818e-09 7.6956e-17 5.3389e-14 2.4281e-17 1.4218e-09 
       1.0  3000.0 1.4598e-01 9.4891e-11 4.2236e-06 8.5310e-01 1.7773e-04 2.0090e-08 8.2777e-11 7.0397e-04 4.6395e-11 1.1643e-10 3.1863e-10 2.0998e-13 4.0842e-05 8.6181e-11 1.9714e-09 8.6291e-17 5.9865e-14 2.7226e-17 1.3915e-09 
       1.0  3000.0 1.4598e-01 1.0055e-10 4.1758e-06 8.5310e-01 1.8619e-04 2.0808e-08 8.7710e-11 6.9601e-04 4.9160e-11 1.2337e-10 3.3762e-10 2.3575e-13 4.0380e-05 9.0284e-11 2.0653e-09 9.6882e-17 6.7212e-14 3.0568e-17 1.3602e-09 
       1.0  3000.0 1.4598e-01 1.0661e-10 4.1258e-06 8.5310e-01 1.9506e-04 2.1538e-08 9.3000e-11 6.8767e-04 5.2125e-11 1.3081e-10 3.5798e-10 2.6504e-13 3.9896e-05 9.4582e-11 2.1636e-09 1.0892e-16 7.5564e-14 3.4366e-17 1.3278e-09 
       1.0  3000.0 1.4598e-01 1.1312e-10 4.0734e-06 8.5310e-01 2.0434e-04 2.2276e-08 9.8681e-11 6.7893e-04 5.5309e-11 1.3880e-10 3.7985e-10 2.9841e-13 3.9389e-05 9.9085e-11 2.2666e-09 1.2264e-16 8.5079e-14 3.8693e-17 1.2943e-09 
       1.0  3000.0 1.4598e-01 1.2013e-10 4.0184e-06 8.5310e-01 2.1407e-04 2.3022e-08 1.0479e-10 6.6978e-04 5.8734e-11 1.4740e-10 4.0337e-10 3.3652e-13 3.8858e-05 1.0380e-10 2.3745e-09 1.3829e-16 9.5942e-14 4.3633e-17 1.2597e-09 
       1.0  3000.0 1.4598e-01 1.2767e-10 3.9609e-06 8.5310e-01 2.2426e-04 2.3773e-08 1.1137e-10 6.6019e-04 6.2424e-11 1.5666e-10 4.2871e-10 3.8012e-13 3.8302e-05 1.0874e-10 2.4876e-09 1.5621e-16 1.0837e-13 4.9288e-17 1.2238e-09 
       1.0  3000.0 1.4598e-01 1.3582e-10 3.9006e-06 8.5310e-01 2.3494e-04 2.4526e-08 1.1848e-10 6.5014e-04 6.6406e-11 1.6665e-10 4.5606e-10 4.3017e-13 3.7719e-05 1.1392e-10 2.6060e-09 1.7678e-16 1.2264e-13 5.5777e-17 1.1869e-09 
       1.0  3000.0 1.4598e-01 1.4462e-10 3.8375e-06 8.5310e-01 2.4612e-04 2.5277e-08 1.2616e-10 6.3962e-04 7.0712e-11 1.7746e-10 4.8563e-10 4.8776e-13 3.7109e-05 1.1934e-10 2.7300e-09 2.0045e-16 1.3906e-13 6.3244e-17 1.1488e-09 
       1.0  3000.0 1.4598e-01 1.5417e-10 3.7714e-06 8.5310e-01 2.5784e-04 2.6024e-08 1.3449e-10 6.2859e-04 7.5377e-11 1.8916e-10 5.1767e-10 5.5425e-13 3.6469e-05 1.2503e-10 2.8600e-09 2.2777e-16 1.5802e-13 7.1865e-17 1.1095e-09 
       1.0  3000.0 1.4598e-01 1.6453e-10 3.7021e-06 8.5310e-01 2.7011e-04 2.6762e-08 1.4352e-10 6.1705e-04 8.0443e-11 2.0188e-10 5.5246e-10 6.3125e-13 3.5799e-05 1.3098e-10 2.9961e-09 2.5942e-16 1.7997e-13 8.1850e-17 1.0691e-09 
       1.0  3000.0 1.4598e-01 1.7581e-10 3.6295e-06 8.5310e-01 2.8297e-04 2.7487e-08 1.5336e-10 6.0495e-04 8.5958e-11 2.1572e-10 5.9033e-10 7.2077e-13 3.5097e-05 1.3721e-10 3.1388e-09 2.9621e-16 2.0549e-13 9.3457e-17 1.0276e-09 
       1.0  3000.0 1.4598e-01 1.8812e-10 3.5535e-06 8.5310e-01 2.9644e-04 2.8192e-08 1.6410e-10 5.9228e-04 9.1976e-11 2.3082e-10 6.3167e-10 8.2524e-13 3.4362e-05 1.4374e-10 3.2882e-09 3.3914e-16 2.3528e-13 1.0700e-16 9.8501e-10 
       1.0  3000.0 1.4598e-01 2.0159e-10 3.4738e-06 8.5310e-01 3.1055e-04 2.8872e-08 1.7586e-10 5.7900e-04 9.8564e-11 2.4736e-10 6.7691e-10 9.4769e-13 3.3592e-05 1.5059e-10 3.4447e-09 3.8946e-16 2.7019e-13 1.2288e-16 9.4134e-10 
       1.0  3000.0 1.4598e-01 2.1638e-10 3.3904e-06 8.5310e-01 3.2534e-04 2.9520e-08 1.8876e-10 5.6509e-04 1.0580e-10 2.6551e-10 7.2659e-10 1.0919e-12 3.2785e-05 1.5775e-10 3.6087e-09 4.4872e-16 3.1130e-13 1.4158e-16 8.9666e-10 
       1.0  3000.0 1.4598e-01 2.3268e-10 3.3030e-06 8.5310e-01 3.4082e-04 3.0127e-08 2.0298e-10 5.5052e-04 1.1377e-10 2.8551e-10 7.8132e-10 1.2626e-12 3.1940e-05 1.6526e-10 3.7805e-09 5.1886e-16 3.5996e-13 1.6371e-16 8.5102e-10 
       1.0  3000.0 1.4598e-01 2.5071e-10 3.2114e-06 8.5310e-01 3.5704e-04 3.0686e-08 2.1871e-10 5.3526e-04 1.2258e-10 3.0763e-10 8.4185e-10 1.4658e-12 3.1054e-05 1.7313e-10 3.9604e-09 6.0237e-16 4.1790e-13 1.9006e-16 8.0449e-10 
       1.0  3000.0 1.4598e-01 2.7073e-10 3.1155e-06 8.5310e-01 3.7404e-04 3.1187e-08 2.3617e-10 5.1927e-04 1.3237e-10 3.3219e-10 9.0908e-10 1.7092e-12 3.0126e-05 1.8137e-10 4.1489e-09 7.0242e-16 4.8731e-13 2.2162e-16 7.5714e-10 
       1.0  3000.0 1.4598e-01 2.9307e-10 3.0150e-06 8.5310e-01 3.9184e-04 3.1617e-08 2.5566e-10 5.0252e-04 1.4329e-10 3.5960e-10 9.8409e-10 2.0030e-12 2.9155e-05 1.9000e-10 4.3464e-09 8.2313e-16 5.7105e-13 2.5971e-16 7.0908e-10 
       1.0  3000.0 1.4598e-01 3.1813e-10 2.9097e-06 8.5310e-01 4.1050e-04 3.1966e-08 2.7752e-10 4.8497e-04 1.5554e-10 3.9035e-10 1.0682e-09 2.3601e-12 2.8137e-05 1.9905e-10 4.5533e-09 9.6990e-16 6.7288e-13 3.0602e-16 6.6043e-10 
       1.0  3000.0 1.4598e-01 3.4640e-10 2.7994e-06 8.5310e-01 4.3003e-04 3.2218e-08 3.0218e-10 4.6659e-04 1.6937e-10 4.2504e-10 1.1632e-09 2.7982e-12 2.7070e-05 2.0852e-10 4.7700e-09 1.1499e-15 7.9778e-13 3.6283e-16 6.1131e-10 
       1.0  3000.0 1.4598e-01 3.7851e-10 2.6839e-06 8.5310e-01 4.5050e-04 3.2359e-08 3.3019e-10 4.4734e-04 1.8507e-10 4.6444e-10 1.2710e-09 3.3410e-12 2.5953e-05 2.1845e-10 4.9971e-09 1.3730e-15 9.5253e-13 4.3320e-16 5.6190e-10 
       1.0  3000.0 1.4598e-01 4.1525e-10 2.5629e-06 8.5310e-01 4.7194e-04 3.2370e-08 3.6224e-10 4.2716e-04 2.0303e-10 5.0952e-10 1.3943e-09 4.0211e-12 2.4783e-05 2.2884e-10 5.2349e-09 1.6525e-15 1.1464e-12 5.2138e-16 5.1237e-10 
       1.0  3000.0 1.4598e-01 4.5765e-10 2.4361e-06 8.5310e-01 4.9441e-04 3.2233e-08 3.9923e-10 4.0603e-04 2.2376e-10 5.6155e-10 1.5367e-09 4.8842e-12 2.3557e-05 2.3974e-10 5.4841e-09 2.0072e-15 1.3925e-12 6.3330e-16 4.6293e-10 
       1.0  3000.0 1.4598e-01 5.0708e-10 2.3033e-06 8.5310e-01 5.1794e-04 3.1927e-08 4.4234e-10 3.8390e-04 2.4793e-10 6.2219e-10 1.7027e-09 5.9961e-12 2.2273e-05 2.5115e-10 5.7451e-09 2.4642e-15 1.7095e-12 7.7748e-16 4.1383e-10 
       1.0  3000.0 1.4598e-01 5.6536e-10 2.1641e-06 8.5310e-01 5.4259e-04 3.1426e-08 4.9319e-10 3.6071e-04 2.7642e-10 6.9370e-10 1.8984e-09 7.4537e-12 2.0927e-05 2.6310e-10 6.0185e-09 3.0632e-15 2.1251e-12 9.6647e-16 3.6535e-10 
       1.0  3000.0 1.4598e-01 6.3503e-10 2.0184e-06 8.5310e-01 5.6841e-04 3.0704e-08 5.5396e-10 3.3642e-04 3.1049e-10 7.7919e-10 2.1323e-09 9.4040e-12 1.9518e-05 2.7562e-10 6.3049e-09 3.8646e-15 2.6811e-12 1.2193e-15 3.1780e-10 
       1.0  3000.0 1.4598e-01 7.1969e-10 1.8657e-06 8.5310e-01 5.9546e-04 2.9733e-08 6.2781e-10 3.1097e-04 3.5188e-10 8.8307e-10 2.4166e-09 1.2078e-11 1.8042e-05 2.8874e-10 6.6050e-09 4.9637e-15 3.4436e-12 1.5661e-15 2.7154e-10 
       1.0  3000.0 1.4598e-01 8.2462e-10 1.7058e-06 8.5310e-01 6.2379e-04 2.8478e-08 7.1935e-10 2.8432e-04 4.0318e-10 1.0118e-09 2.7689e-09 1.5857e-11 1.6495e-05 3.0248e-10 6.9193e-09 6.5167e-15 4.5210e-12 2.0561e-15 2.2698e-10 
       1.0  3000.0 1.4598e-01 9.5794e-10 1.5383e-06 8.5310e-01 6.5348e-04 2.6903e-08 8.3565e-10 2.5639e-04 4.6837e-10 1.1754e-09 3.2166e-09 2.1399e-11 1.4875e-05 3.1687e-10 7.2485e-09 8.7942e-15 6.1010e-12 2.7747e-15 1.8459e-10 
       1.0  3000.0 1.4598e-01 1.1328e-09 1.3628e-06 8.5310e-01 6.8458e-04 2.4968e-08 9.8814e-10 2.2714e-04 5.5384e-10 1.3899e-09 3.8036e-09 2.9922e-11 1.3178e-05 3.3195e-10 7.5935e-09 1.2297e-14 8.5309e-12 3.8798e-15 1.4488e-10 
       1.0  3000.0 1.4598e-01 1.3717e-09 1.1790e-06 8.5310e-01 7.1715e-04 2.2628e-08 1.1966e-09 1.9650e-04 6.7066e-10 1.6831e-09 4.6059e-09 4.3876e-11 1.1401e-05 3.4774e-10 7.9548e-09 1.8031e-14 1.2509e-11 5.6891e-15 1.0843e-10 
       1.0  3000.0 1.4598e-01 1.7175e-09 9.8640e-07 8.5310e-01 7.5127e-04 1.9833e-08 1.4982e-09 1.6441e-04 8.3972e-10 2.1074e-09 5.7670e-09 6.8786e-11 9.5385e-06 3.6429e-10 8.3333e-09 2.8268e-14 1.9611e-11 8.9190e-15 7.5899e-11 
       1.0  3000.0 1.4598e-01 2.2617e-09 7.8469e-07 8.5310e-01 7.8702e-04 1.6528e-08 1.9729e-09 1.3079e-04 1.1058e-09 2.7751e-09 7.5944e-09 1.1928e-10 7.5879e-06 3.8162e-10 8.7298e-09 4.9021e-14 3.4008e-11 1.5467e-14 4.8032e-11 
       1.0  3000.0 1.4598e-01 3.2422e-09 5.7341e-07 8.5310e-01 8.2446e-04 1.2652e-08 2.8283e-09 9.5573e-05 1.5852e-09 3.9783e-09 1.0887e-08 2.4514e-10 5.5449e-06 3.9978e-10 9.1451e-09 1.0074e-13 6.9890e-11 3.1786e-14 2.5649e-11 
       1.0  3000.0 1.4598e-01 5.5306e-09 3.5214e-07 8.5310e-01 8.6367e-04 8.1395e-09 4.8245e-09 5.8694e-05 2.7041e-09 6.7861e-09 1.8571e-08 7.1328e-10 3.4052e-06 4.1879e-10 9.5800e-09 2.9313e-13 2.0336e-10 9.2486e-14 9.6733e-12 
       1.0  3000.0 1.4598e-01 1.6888e-08 1.2080e-07 8.5310e-01 9.0467e-04 2.9247e-09 1.4732e-08 2.0134e-05 8.2571e-09 2.0722e-08 5.6707e-08 6.6508e-09 1.1681e-06 4.3867e-10 1.0035e-08 2.7332e-12 1.8962e-09 8.6237e-13 1.1383e-12 
       1.0  3000.0 1.4598e-01 5.5679e-07 3.7479e-09 8.5308e-01 9.2541e-04 9.2822e-11 4.8570e-07 6.2467e-07 2.7223e-07 6.8318e-07 1.8696e-06 7.2294e-06 3.6242e-08 4.4872e-10 1.0265e-08 2.9710e-09 2.0612e-06 9.3738e-10 1.0957e-15 
       1.0  3000.0 1.4598e-01 1.0031e-06 2.0811e-09 8.5306e-01 9.2570e-04 5.1557e-11 8.7494e-07 3.4685e-07 4.9042e-07 1.2307e-06 3.3679e-06 2.3462e-05 2.0124e-08 4.4885e-10 1.0268e-08 9.6422e-09 6.6892e-06 3.0420e-09 3.3784e-16 
       1.0  3000.0 1.4597e-01 1.3251e-06 1.5754e-09 8.5304e-01 9.2579e-04 3.9034e-11 1.1558e-06 2.6257e-07 6.4787e-07 1.6258e-06 4.4491e-06 4.0946e-05 1.5234e-08 4.4889e-10 1.0269e-08 1.6828e-08 1.1674e-05 5.3088e-09 1.9361e-16 
       1.0  3000.0 1.4597e-01 1.5968e-06 1.3074e-09 8.5302e-01 9.2584e-04 3.2395e-11 1.3927e-06 2.1789e-07 7.8071e-07 1.9592e-06 5.3612e-06 5.9457e-05 1.2642e-08 4.4890e-10 1.0269e-08 2.4437e-08 1.6952e-05 7.7087e-09 1.3334e-16 
       1.0  3000.0 1.4597e-01 1.8403e-06 1.1345e-09 8.5299e-01 9.2587e-04 2.8111e-11 1.6050e-06 1.8907e-07 8.9974e-07 2.2578e-06 6.1784e-06 7.8969e-05 1.0970e-08 4.4890e-10 1.0269e-08 3.2457e-08 2.2516e-05 1.0238e-08 1.0040e-16 
       1.0  3000.0 1.4597e-01 2.0657e-06 1.0107e-09 8.5296e-01 9.2589e-04 2.5045e-11 1.8014e-06 1.6844e-07 1.0099e-06 2.5343e-06 6.9348e-06 9.9494e-05 9.7729e-09 4.4889e-10 1.0269e-08 4.0894e-08 2.8368e-05 1.2899e-08 7.9689e-17 
       1.0  3000.0 1.4596e-01 2.2787e-06 9.1628e-10 8.5294e-01 9.2590e-04 2.2705e-11 1.9870e-06 1.5269e-07 1.1140e-06 2.7954e-06 7.6493e-06 1.2106e-04 8.8596e-09 4.4889e-10 1.0269e-08 4.9760e-08 3.4518e-05 1.5694e-08 6.5493e-17 
       1.0  3000.0 1.4596e-01 2.4827e-06 8.4099e-10 8.5291e-01 9.2592e-04 2.0840e-11 2.1648e-06 1.4014e-07 1.2137e-06 3.0457e-06 8.3338e-06 1.4371e-04 8.1315e-09 4.4888e-10 1.0269e-08 5.9070e-08 4.0976e-05 1.8629e-08 5.5171e-17 
       1.0  3000.0 1.4596e-01 2.6802e-06 7.7902e-10 8.5288e-01 9.2592e-04 1.9304e-11 2.3369e-06 1.2981e-07 1.3103e-06 3.2878e-06 8.9964e-06 1.6748e-04 7.5322e-09 4.4887e-10 1.0269e-08 6.8843e-08 4.7754e-05 2.1710e-08 4.7340e-17 
       1.0  3000.0 1.4596e-01 2.8729e-06 7.2677e-10 8.5285e-01 9.2593e-04 1.8010e-11 2.5047e-06 1.2110e-07 1.4045e-06 3.5241e-06 9.6427e-06 1.9242e-04 7.0269e-09 4.4885e-10 1.0269e-08 7.9098e-08 5.4867e-05 2.4942e-08 4.1203e-17 
       1.0  3000.0 1.4595e-01 3.0621e-06 6.8188e-10 8.5282e-01 9.2594e-04 1.6898e-11 2.6694e-06 1.1362e-07 1.4969e-06 3.7560e-06 1.0277e-05 2.1858e-04 6.5927e-09 4.4884e-10 1.0269e-08 8.9856e-08 6.2328e-05 2.8332e-08 3.6271e-17 
       1.0  3000.0 1.4595e-01 3.2487e-06 6.4272e-10 8.5278e-01 9.2594e-04 1.5927e-11 2.8319e-06 1.0709e-07 1.5881e-06 3.9847e-06 1.0903e-05 2.4602e-04 6.2140e-09 4.4882e-10 1.0269e-08 1.0114e-07 7.0154e-05 3.1888e-08 3.2224e-17 
       1.0  3000.0 1.4595e-01 3.4335e-06 6.0813e-10 8.5275e-01 9.2595e-04 1.5070e-11 2.9927e-06 1.0132e-07 1.6784e-06 4.2112e-06 1.1522e-05 2.7480e-04 5.8794e-09 4.4881e-10 1.0269e-08 1.1298e-07 7.8361e-05 3.5616e-08 2.8849e-17 
       1.0  3000.0 1.4595e-01 3.6171e-06 5.7725e-10 8.5271e-01 9.2595e-04 1.4305e-11 3.1525e-06 9.6170e-08 1.7681e-06 4.4363e-06 1.2138e-05 3.0497e-04 5.5808e-09 4.4879e-10 1.0269e-08 1.2539e-07 8.6967e-05 3.9525e-08 2.5994e-17 
       1.0  3000.0 1.4594e-01 3.8002e-06 5.4945e-10 8.5267e-01 9.2595e-04 1.3616e-11 3.3118e-06 9.1534e-08 1.8576e-06 4.6606e-06 1.2751e-05 3.3660e-04 5.3118e-09 4.4877e-10 1.0268e-08 1.3840e-07 9.5990e-05 4.3623e-08 2.3550e-17 
       1.0  3000.0 1.4594e-01 3.9831e-06 5.2422e-10 8.5263e-01 9.2595e-04 1.2991e-11 3.4708e-06 8.7327e-08 1.9469e-06 4.8847e-06 1.3364e-05 3.6977e-04 5.0678e-09 4.4875e-10 1.0268e-08 1.5204e-07 1.0545e-04 4.7919e-08 2.1437e-17 
       1.0  3000.0 1.4593e-01 4.1662e-06 5.0117e-10 8.5259e-01 9.2595e-04 1.2420e-11 3.6301e-06 8.3484e-08 2.0364e-06 5.1090e-06 1.3977e-05 4.0453e-04 4.8449e-09 4.4873e-10 1.0268e-08 1.6634e-07 1.1537e-04 5.2422e-08 1.9593e-17 
       1.0  3000.0 1.4593e-01 4.3500e-06 4.8001e-10 8.5255e-01 9.2596e-04 1.1895e-11 3.7898e-06 7.9954e-08 2.1262e-06 5.3340e-06 1.4592e-05 4.4098e-04 4.6402e-09 4.4870e-10 1.0268e-08 1.8134e-07 1.2576e-04 5.7141e-08 1.7973e-17 
       1.0  3000.0 1.4593e-01 4.5346e-06 4.6046e-10 8.5250e-01 9.2596e-04 1.1411e-11 3.9502e-06 7.6694e-08 2.2163e-06 5.5601e-06 1.5210e-05 4.7917e-04 4.4511e-09 4.4868e-10 1.0267e-08 1.9706e-07 1.3666e-04 6.2088e-08 1.6540e-17 
       1.0  3000.0 1.4592e-01 4.7204e-06 4.4234e-10 8.5245e-01 9.2596e-04 1.0962e-11 4.1115e-06 7.3672e-08 2.3071e-06 5.7876e-06 1.5832e-05 5.1921e-04 4.2758e-09 4.4865e-10 1.0267e-08 2.1354e-07 1.4809e-04 6.7272e-08 1.5263e-17 
       1.0  3000.0 1.4592e-01 4.9076e-06 4.2547e-10 8.5240e-01 9.2595e-04 1.0544e-11 4.2741e-06 7.0857e-08 2.3985e-06 6.0167e-06 1.6459e-05 5.6118e-04 4.1126e-09 4.4863e-10 1.0267e-08 2.3081e-07 1.6006e-04 7.2704e-08 1.4121e-17 
       1.0  3000.0 1.4591e-01 5.0964e-06 4.0970e-10 8.5235e-01 9.2595e-04 1.0153e-11 4.4380e-06 6.8227e-08 2.4907e-06 6.2479e-06 1.7090e-05 6.0516e-04 3.9601e-09 4.4860e-10 1.0266e-08 2.4891e-07 1.7261e-04 7.8397e-08 1.3094e-17 
       1.0  3000.0 1.4591e-01 5.2871e-06 3.9492e-10 8.5229e-01 9.2595e-04 9.7867e-12 4.6035e-06 6.5762e-08 2.5838e-06 6.4812e-06 1.7728e-05 6.5125e-04 3.8171e-09 4.4857e-10 1.0266e-08 2.6789e-07 1.8576e-04 8.4363e-08 1.2166e-17 
       1.0  3000.0 1.4590e-01 5.4799e-06 3.8103e-10 8.5223e-01 9.2595e-04 9.4424e-12 4.7706e-06 6.3444e-08 2.6779e-06 6.7171e-06 1.8373e-05 6.9956e-04 3.6827e-09 4.4854e-10 1.0266e-08 2.8778e-07 1.9955e-04 9.0615e-08 1.1325e-17 
       1.0  3000.0 1.4590e-01 5.6749e-06 3.6794e-10 8.5217e-01 9.2595e-04 9.1178e-12 4.9397e-06 6.1259e-08 2.7731e-06 6.9556e-06 1.9024e-05 7.5018e-04 3.5560e-09 4.4850e-10 1.0265e-08 3.0863e-07 2.1400e-04 9.7165e-08 1.0560e-17 
       1.0  3000.0 1.4589e-01 5.8723e-06 3.5556e-10 8.5211e-01 9.2595e-04 8.8112e-12 5.1108e-06 5.9195e-08 2.8695e-06 7.1971e-06 1.9684e-05 8.0323e-04 3.4363e-09 4.4847e-10 1.0265e-08 3.3048e-07 2.2914e-04 1.0403e-07 9.8621e-18 
       1.0  3000.0 1.4589e-01 6.0724e-06 3.4385e-10 8.5204e-01 9.2594e-04 8.5209e-12 5.2841e-06 5.7240e-08 2.9672e-06 7.4417e-06 2.0352e-05 8.5883e-04 3.3230e-09 4.4843e-10 1.0264e-08 3.5338e-07 2.4501e-04 1.1122e-07 9.2229e-18 
       1.0  3000.0 1.4588e-01 6.2752e-06 3.3273e-10 8.5197e-01 9.2594e-04 8.2454e-12 5.4597e-06 5.5385e-08 3.0661e-06 7.6897e-06 2.1030e-05 9.1709e-04 3.2154e-09 4.4839e-10 1.0264e-08 3.7738e-07 2.6164e-04 1.1875e-07 8.6363e-18 
       1.0  3000.0 1.4588e-01 6.4810e-06 3.2217e-10 8.5190e-01 9.2594e-04 7.9835e-12 5.6378e-06 5.3622e-08 3.1665e-06 7.9411e-06 2.1716e-05 9.7813e-04 3.1132e-09 4.4835e-10 1.0263e-08 4.0254e-07 2.7907e-04 1.2665e-07 8.0965e-18 
       1.0  3000.0 1.4587e-01 6.6899e-06 3.1211e-10 8.5182e-01 9.2593e-04 7.7342e-12 5.8184e-06 5.1943e-08 3.2685e-06 8.1963e-06 2.2413e-05 1.0421e-03 3.0158e-09 4.4831e-10 1.0263e-08 4.2890e-07 2.9733e-04 1.3492e-07 7.5987e-18 
       1.0  3000.0 1.4586e-01 6.9020e-06 3.0251e-10 8.5174e-01 9.2593e-04 7.4964e-12 6.0018e-06 5.0341e-08 3.3719e-06 8.4554e-06 2.3121e-05 1.1091e-03 2.9230e-09 4.4827e-10 1.0262e-08 4.5654e-07 3.1647e-04 1.4359e-07 7.1387e-18 
       1.0  3000.0 1.4585e-01 7.1176e-06 2.9335e-10 8.5165e-01 9.2592e-04 7.2693e-12 6.1880e-06 4.8811e-08 3.4771e-06 8.7186e-06 2.3839e-05 1.1794e-03 2.8343e-09 4.4822e-10 1.0262e-08 4.8550e-07 3.3653e-04 1.5266e-07 6.7128e-18 
       1.0  3000.0 1.4585e-01 7.3367e-06 2.8459e-10 8.5156e-01 9.2592e-04 7.0521e-12 6.3772e-06 4.7348e-08 3.5839e-06 8.9861e-06 2.4569e-05 1.2530e-03 2.7495e-09 4.4817e-10 1.0261e-08 5.1585e-07 3.5755e-04 1.6217e-07 6.3178e-18 
       1.0  3000.0 1.4584e-01 7.5595e-06 2.7620e-10 8.5147e-01 9.2591e-04 6.8442e-12 6.5694e-06 4.5948e-08 3.6926e-06 9.2580e-06 2.5311e-05 1.3301e-03 2.6683e-09 4.4812e-10 1.0261e-08 5.4766e-07 3.7958e-04 1.7214e-07 5.9507e-18 
       1.0  3000.0 1.4583e-01 7.7862e-06 2.6815e-10 8.5137e-01 9.2591e-04 6.6448e-12 6.7649e-06 4.4604e-08 3.8031e-06 9.5346e-06 2.6066e-05 1.4109e-03 2.5904e-09 4.4807e-10 1.0260e-08 5.8100e-07 4.0266e-04 1.8257e-07 5.6092e-18 
       1.0  3000.0 1.4582e-01 8.0170e-06 2.6043e-10 8.5127e-01 9.2590e-04 6.4535e-12 6.9637e-06 4.3315e-08 3.9156e-06 9.8159e-06 2.6833e-05 1.4956e-03 2.5157e-09 4.4801e-10 1.0259e-08 6.1594e-07 4.2685e-04 1.9351e-07 5.2909e-18 
       1.0  3000.0 1.4581e-01 8.2518e-06 2.5302e-10 8.5117e-01 9.2590e-04 6.2697e-12 7.1659e-06 4.2077e-08 4.0300e-06 1.0102e-05 2.7614e-05 1.5843e-03 2.4439e-09 4.4795e-10 1.0259e-08 6.5256e-07 4.5220e-04 2.0496e-07 4.9940e-18 
       1.0  3000.0 1.4580e-01 8.4910e-06 2.4589e-10 8.5105e-01 9.2589e-04 6.0930e-12 7.3717e-06 4.0886e-08 4.1466e-06 1.0394e-05 2.8409e-05 1.6773e-03 2.3749e-09 4.4789e-10 1.0258e-08 6.9094e-07 4.7877e-04 2.1696e-07 4.7165e-18 
       1.0  3000.0 1.4579e-01 8.7347e-06 2.3903e-10 8.5094e-01 9.2588e-04 5.9230e-12 7.5811e-06 3.9740e-08 4.2653e-06 1.0690e-05 2.9219e-05 1.7747e-03 2.3085e-09 4.4782e-10 1.0257e-08 7.3116e-07 5.0660e-04 2.2953e-07 4.4570e-18 
       1.0  3000.0 1.4578e-01 8.9829e-06 2.3242e-10 8.5082e-01 9.2587e-04 5.7592e-12 7.7943e-06 3.8635e-08 4.3862e-06 1.0993e-05 3.0043e-05 1.8767e-03 2.2445e-09 4.4775e-10 1.0256e-08 7.7331e-07 5.3577e-04 2.4269e-07 4.2139e-18 
       1.0  3000.0 1.4577e-01 9.2360e-06 2.2605e-10 8.5069e-01 9.2587e-04 5.6013e-12 8.0115e-06 3.7571e-08 4.5094e-06 1.1301e-05 3.0882e-05 1.9836e-03 2.1828e-09 4.4768e-10 1.0255e-08 8.1750e-07 5.6634e-04 2.5648e-07 3.9861e-18 
       1.0  3000.0 1.4576e-01 9.4940e-06 2.1991e-10 8.5055e-01 9.2586e-04 5.4490e-12 8.2327e-06 3.6544e-08 4.6350e-06 1.1615e-05 3.1737e-05 2.0957e-03 2.1233e-09 4.4761e-10 1.0254e-08 8.6380e-07 5.9837e-04 2.7092e-07 3.7724e-18 
       1.0  3000.0 1.4575e-01 9.7570e-06 2.1398e-10 8.5041e-01 9.2585e-04 5.3020e-12 8.4580e-06 3.5552e-08 4.7630e-06 1.1934e-05 3.2608e-05 2.2130e-03 2.0659e-09 4.4753e-10 1.0254e-08 9.1233e-07 6.3194e-04 2.8605e-07 3.5716e-18 
       1.0  3000.0 1.4574e-01 1.0025e-05 2.0825e-10 8.5026e-01 9.2584e-04 5.1600e-12 8.6875e-06 3.4595e-08 4.8936e-06 1.2260e-05 3.3496e-05 2.3360e-03 2.0104e-09 4.4745e-10 1.0253e-08 9.6320e-07 6.6711e-04 3.0189e-07 3.3829e-18 
       1.0  3000.0 1.4572e-01 1.0299e-05 2.0271e-10 8.5011e-01 9.2583e-04 5.0227e-12 8.9215e-06 3.3669e-08 5.0267e-06 1.2593e-05 3.4401e-05 2.4649e-03 1.9568e-09 4.4736e-10 1.0251e-08 1.0165e-06 7.0397e-04 3.1848e-07 3.2055e-18 
       1.0  3000.0 1.4571e-01 1.0578e-05 1.9736e-10 8.4995e-01 9.2582e-04 4.8900e-12 9.1599e-06 3.2773e-08 5.1625e-06 1.2932e-05 3.5324e-05 2.5998e-03 1.9049e-09 4.4727e-10 1.0250e-08 1.0724e-06 7.4259e-04 3.3586e-07 3.0384e-18 
       1.0  3000.0 1.4569e-01 1.0863e-05 1.9218e-10 8.4978e-01 9.2580e-04 4.7616e-12 9.4029e-06 3.1907e-08 5.3011e-06 1.3278e-05 3.6265e-05 2.7413e-03 1.8547e-09 4.4718e-10 1.0249e-08 1.1309e-06 7.8307e-04 3.5406e-07 2.8810e-18 
       1.0  3000.0 1.4568e-01 1.1154e-05 1.8716e-10 8.4960e-01 9.2579e-04 4.6373e-12 9.6507e-06 3.1068e-08 5.4424e-06 1.3630e-05 3.7224e-05 2.8894e-03 1.8062e-09 4.4708e-10 1.0248e-08 1.1923e-06 8.2548e-04 3.7312e-07 2.7326e-18 
       1.0  3000.0 1.4566e-01 1.1451e-05 1.8231e-10 8.4942e-01 9.2578e-04 4.5169e-12 9.9033e-06 3.0255e-08 5.5867e-06 1.3990e-05 3.8203e-05 3.0447e-03 1.7591e-09 4.4697e-10 1.0247e-08 1.2566e-06 8.6993e-04 3.9308e-07 2.5926e-18 
       1.0  3000.0 1.4565e-01 1.1754e-05 1.7760e-10 8.4922e-01 9.2577e-04 4.4003e-12 1.0161e-05 2.9467e-08 5.7340e-06 1.4357e-05 3.9201e-05 3.2073e-03 1.7135e-09 4.4686e-10 1.0245e-08 1.3241e-06 9.1650e-04 4.1398e-07 2.4605e-18 
